W-05-V-001-03,0,VIP病房,外科,5,1,3,#,400027,200005,0,13,184
VITAL_SIGNS:0.000000;0.000000;0.000000;0.000000;0.000000;0.000000;0.000000;0.000000;0.000000;0.000000;0.000000;0.000000;0.000000;0.000000;0.000000
W-03-G-002-02,0,隔离病房,外科,3,2,2,#,400022,200005,0,46,24
VITAL_SIGNS:0.000000;0.000000;0.000000;0.000000;0.000000;0.000000;0.000000;0.000000;0.000000;0.000000;0.000000;0.000000;0.000000;0.000000;0.000000
W-02-P-002-04,0,普通病房,外科,2,2,4,#,400012,200005,0,34,167
VITAL_SIGNS:0.000000;0.000000;0.000000;0.000000;0.000000;0.000000;0.000000;0.000000;0.000000;0.000000;0.000000;0.000000;0.000000;0.000000;0.000000
W-02-P-002-03,0,普通病房,外科,2,2,3,#,400007,200005,0,16,44
VITAL_SIGNS:0.000000;0.000000;0.000000;0.000000;0.000000;0.000000;0.000000;0.000000;0.000000;0.000000;0.000000;0.000000;0.000000;0.000000;0.000000
W-02-P-002-02,0,普通病房,外科,2,2,2,#,400002,200005,0,2,76
VITAL_SIGNS:0.000000;0.000000;0.000000;0.000000;0.000000;0.000000;0.000000;0.000000;0.000000;0.000000;0.000000;0.000000;0.000000;0.000000;0.000000
W-02-P-002-01,0,普通病房,外科,2,2,1,#,400017,200005,0,47,135
VITAL_SIGNS:0.000000;0.000000;0.000000;0.000000;0.000000;0.000000;0.000000;0.000000;0.000000;0.000000;0.000000;0.000000;0.000000;0.000000;0.000000
N-04-V-002-02,0,VIP病房,内科,4,2,2,#,400026,200001,0,26,139
VITAL_SIGNS:0.000000;0.000000;0.000000;0.000000;0.000000;0.000000;0.000000;0.000000;0.000000;0.000000;0.000000;0.000000;0.000000;0.000000;0.000000
N-03-P-005-04,1,普通病房,内科,3,5,4,#,400000,200000,0,5,122
VITAL_SIGNS:0.000000;0.000000;0.000000;0.000000;0.000000;0.000000;0.000000;0.000000;0.000000;0.000000;0.000000;0.000000;0.000000;0.000000;0.000000
N-03-P-002-02,2,普通病房,内科,3,2,2,#,#,#,0,20,9
VITAL_SIGNS:0.000000;0.000000;0.000000;0.000000;0.000000;0.000000;0.000000;0.000000;0.000000;0.000000;0.000000;0.000000;0.000000;0.000000;0.000000
N-03-P-001-04,0,普通病房,内科,3,1,4,#,400016,200001,0,7,73
VITAL_SIGNS:0.000000;0.000000;0.000000;0.000000;0.000000;0.000000;0.000000;0.000000;0.000000;0.000000;0.000000;0.000000;0.000000;0.000000;0.000000
N-03-P-001-03,0,普通病房,内科,3,1,3,#,400011,200001,0,29,1
VITAL_SIGNS:0.000000;0.000000;0.000000;0.000000;0.000000;0.000000;0.000000;0.000000;0.000000;0.000000;0.000000;0.000000;0.000000;0.000000;0.000000
N-03-P-001-02,0,普通病房,内科,3,1,2,#,400006,200001,0,38,52
VITAL_SIGNS:0.000000;0.000000;0.000000;0.000000;0.000000;0.000000;0.000000;0.000000;0.000000;0.000000;0.000000;0.000000;0.000000;0.000000;0.000000
N-03-P-001-01,0,普通病房,内科,3,1,1,#,400001,200001,0,50,148
VITAL_SIGNS:0.000000;0.000000;0.000000;0.000000;0.000000;0.000000;0.000000;0.000000;0.000000;0.000000;0.000000;0.000000;0.000000;0.000000;0.000000
N-02-G-001-01,0,隔离病房,内科,2,1,1,#,400021,200001,0,31,3
VITAL_SIGNS:0.000000;0.000000;0.000000;0.000000;0.000000;0.000000;0.000000;0.000000;0.000000;0.000000;0.000000;0.000000;0.000000;0.000000;0.000000
J-05-P-005-03,0,普通病房,急诊科,5,5,3,#,400015,200017,0,50,200
VITAL_SIGNS:0.000000;0.000000;0.000000;0.000000;0.000000;0.000000;0.000000;0.000000;0.000000;0.000000;0.000000;0.000000;0.000000;0.000000;0.000000
J-05-P-005-02,0,普通病房,急诊科,5,5,2,#,400010,200017,0,45,129
VITAL_SIGNS:0.000000;0.000000;0.000000;0.000000;0.000000;0.000000;0.000000;0.000000;0.000000;0.000000;0.000000;0.000000;0.000000;0.000000;0.000000
J-05-P-005-01,0,普通病房,急诊科,5,5,1,#,400005,200017,0,36,172
VITAL_SIGNS:0.000000;0.000000;0.000000;0.000000;0.000000;0.000000;0.000000;0.000000;0.000000;0.000000;0.000000;0.000000;0.000000;0.000000;0.000000
J-04-I-002-02,0,ICU病房,急诊科,4,2,2,#,400030,200017,0,7,160
VITAL_SIGNS:0.000000;0.000000;0.000000;0.000000;0.000000;0.000000;0.000000;0.000000;0.000000;0.000000;0.000000;0.000000;0.000000;0.000000;0.000000
J-03-V-001-01,0,VIP病房,急诊科,3,1,1,#,400025,200017,0,22,52
VITAL_SIGNS:0.000000;0.000000;0.000000;0.000000;0.000000;0.000000;0.000000;0.000000;0.000000;0.000000;0.000000;0.000000;0.000000;0.000000;0.000000
J-01-G-005-04,0,隔离病房,急诊科,1,5,4,#,400020,200017,0,4,16
VITAL_SIGNS:0.000000;0.000000;0.000000;0.000000;0.000000;0.000000;0.000000;0.000000;0.000000;0.000000;0.000000;0.000000;0.000000;0.000000;0.000000
F-03-P-004-04,0,普通病房,妇产科,3,4,4,#,400004,200013,0,31,85
VITAL_SIGNS:0.000000;0.000000;0.000000;0.000000;0.000000;0.000000;0.000000;0.000000;0.000000;0.000000;0.000000;0.000000;0.000000;0.000000;0.000000
F-03-P-004-02,0,普通病房,妇产科,3,4,2,#,400014,200013,0,12,123
VITAL_SIGNS:0.000000;0.000000;0.000000;0.000000;0.000000;0.000000;0.000000;0.000000;0.000000;0.000000;0.000000;0.000000;0.000000;0.000000;0.000000
F-03-P-004-01,0,普通病房,妇产科,3,4,1,#,400009,200013,0,33,91
VITAL_SIGNS:0.000000;0.000000;0.000000;0.000000;0.000000;0.000000;0.000000;0.000000;0.000000;0.000000;0.000000;0.000000;0.000000;0.000000;0.000000
F-03-I-001-01,0,ICU病房,妇产科,3,1,1,#,400029,200013,0,38,190
VITAL_SIGNS:0.000000;0.000000;0.000000;0.000000;0.000000;0.000000;0.000000;0.000000;0.000000;0.000000;0.000000;0.000000;0.000000;0.000000;0.000000
F-03-G-004-04,0,隔离病房,妇产科,3,4,4,#,400024,200013,0,3,189
VITAL_SIGNS:0.000000;0.000000;0.000000;0.000000;0.000000;0.000000;0.000000;0.000000;0.000000;0.000000;0.000000;0.000000;0.000000;0.000000;0.000000
F-03-G-004-03,0,隔离病房,妇产科,3,4,3,#,400019,200013,0,38,186
VITAL_SIGNS:0.000000;0.000000;0.000000;0.000000;0.000000;0.000000;0.000000;0.000000;0.000000;0.000000;0.000000;0.000000;0.000000;0.000000;0.000000
E-02-V-003-02,3,VIP病房,儿科,2,3,2,#,#,#,0,4,43
VITAL_SIGNS:0.000000;0.000000;0.000000;0.000000;0.000000;0.000000;0.000000;0.000000;0.000000;0.000000;0.000000;0.000000;0.000000;0.000000;0.000000
E-02-V-003-01,3,VIP病房,儿科,2,3,1,#,#,#,0,8,18
VITAL_SIGNS:0.000000;0.000000;0.000000;0.000000;0.000000;0.000000;0.000000;0.000000;0.000000;0.000000;0.000000;0.000000;0.000000;0.000000;0.000000
E-02-V-002-04,0,VIP病房,儿科,2,2,4,#,400028,200009,0,25,192
VITAL_SIGNS:0.000000;0.000000;0.000000;0.000000;0.000000;0.000000;0.000000;0.000000;0.000000;0.000000;0.000000;0.000000;0.000000;0.000000;0.000000
E-02-V-002-03,3,VIP病房,儿科,2,2,3,#,#,#,0,45,162
VITAL_SIGNS:0.000000;0.000000;0.000000;0.000000;0.000000;0.000000;0.000000;0.000000;0.000000;0.000000;0.000000;0.000000;0.000000;0.000000;0.000000
E-02-V-002-02,3,VIP病房,儿科,2,2,2,#,#,#,0,20,38
VITAL_SIGNS:0.000000;0.000000;0.000000;0.000000;0.000000;0.000000;0.000000;0.000000;0.000000;0.000000;0.000000;0.000000;0.000000;0.000000;0.000000
E-02-V-002-01,3,VIP病房,儿科,2,2,1,#,#,#,0,41,96
VITAL_SIGNS:0.000000;0.000000;0.000000;0.000000;0.000000;0.000000;0.000000;0.000000;0.000000;0.000000;0.000000;0.000000;0.000000;0.000000;0.000000
E-02-V-001-04,3,VIP病房,儿科,2,1,4,#,#,#,0,49,148
VITAL_SIGNS:0.000000;0.000000;0.000000;0.000000;0.000000;0.000000;0.000000;0.000000;0.000000;0.000000;0.000000;0.000000;0.000000;0.000000;0.000000
E-02-V-001-03,3,VIP病房,儿科,2,1,3,#,#,#,0,32,184
VITAL_SIGNS:0.000000;0.000000;0.000000;0.000000;0.000000;0.000000;0.000000;0.000000;0.000000;0.000000;0.000000;0.000000;0.000000;0.000000;0.000000
E-02-V-001-02,3,VIP病房,儿科,2,1,2,#,#,#,0,36,129
VITAL_SIGNS:0.000000;0.000000;0.000000;0.000000;0.000000;0.000000;0.000000;0.000000;0.000000;0.000000;0.000000;0.000000;0.000000;0.000000;0.000000
E-02-V-001-01,3,VIP病房,儿科,2,1,1,#,#,#,0,24,0
VITAL_SIGNS:0.000000;0.000000;0.000000;0.000000;0.000000;0.000000;0.000000;0.000000;0.000000;0.000000;0.000000;0.000000;0.000000;0.000000;0.000000
E-02-P-003-04,0,普通病房,儿科,2,3,4,#,400008,200009,0,12,186
VITAL_SIGNS:0.000000;0.000000;0.000000;0.000000;0.000000;0.000000;0.000000;0.000000;0.000000;0.000000;0.000000;0.000000;0.000000;0.000000;0.000000
E-02-P-003-03,0,普通病房,儿科,2,3,3,#,400003,200009,0,12,35
VITAL_SIGNS:0.000000;0.000000;0.000000;0.000000;0.000000;0.000000;0.000000;0.000000;0.000000;0.000000;0.000000;0.000000;0.000000;0.000000;0.000000
E-02-P-003-02,0,普通病房,儿科,2,3,2,#,400018,200009,0,10,18
VITAL_SIGNS:0.000000;0.000000;0.000000;0.000000;0.000000;0.000000;0.000000;0.000000;0.000000;0.000000;0.000000;0.000000;0.000000;0.000000;0.000000
E-02-P-003-01,0,普通病房,儿科,2,3,1,#,400013,200009,0,34,128
VITAL_SIGNS:0.000000;0.000000;0.000000;0.000000;0.000000;0.000000;0.000000;0.000000;0.000000;0.000000;0.000000;0.000000;0.000000;0.000000;0.000000
E-02-I-003-02,3,ICU病房,儿科,2,3,2,#,#,#,0,12,174
VITAL_SIGNS:0.000000;0.000000;0.000000;0.000000;0.000000;0.000000;0.000000;0.000000;0.000000;0.000000;0.000000;0.000000;0.000000;0.000000;0.000000
E-02-I-003-01,3,ICU病房,儿科,2,3,1,#,#,#,0,36,52
VITAL_SIGNS:0.000000;0.000000;0.000000;0.000000;0.000000;0.000000;0.000000;0.000000;0.000000;0.000000;0.000000;0.000000;0.000000;0.000000;0.000000
E-02-I-002-04,3,ICU病房,儿科,2,2,4,#,#,#,0,10,107
VITAL_SIGNS:0.000000;0.000000;0.000000;0.000000;0.000000;0.000000;0.000000;0.000000;0.000000;0.000000;0.000000;0.000000;0.000000;0.000000;0.000000
E-02-I-002-03,3,ICU病房,儿科,2,2,3,#,#,#,0,28,149
VITAL_SIGNS:0.000000;0.000000;0.000000;0.000000;0.000000;0.000000;0.000000;0.000000;0.000000;0.000000;0.000000;0.000000;0.000000;0.000000;0.000000
E-02-I-002-02,3,ICU病房,儿科,2,2,2,#,#,#,0,23,12
VITAL_SIGNS:0.000000;0.000000;0.000000;0.000000;0.000000;0.000000;0.000000;0.000000;0.000000;0.000000;0.000000;0.000000;0.000000;0.000000;0.000000
E-02-I-002-01,3,ICU病房,儿科,2,2,1,#,#,#,0,28,71
VITAL_SIGNS:0.000000;0.000000;0.000000;0.000000;0.000000;0.000000;0.000000;0.000000;0.000000;0.000000;0.000000;0.000000;0.000000;0.000000;0.000000
E-02-I-001-04,3,ICU病房,儿科,2,1,4,#,#,#,0,27,116
VITAL_SIGNS:0.000000;0.000000;0.000000;0.000000;0.000000;0.000000;0.000000;0.000000;0.000000;0.000000;0.000000;0.000000;0.000000;0.000000;0.000000
E-02-I-001-03,3,ICU病房,儿科,2,1,3,#,#,#,0,29,154
VITAL_SIGNS:0.000000;0.000000;0.000000;0.000000;0.000000;0.000000;0.000000;0.000000;0.000000;0.000000;0.000000;0.000000;0.000000;0.000000;0.000000
E-02-I-001-02,3,ICU病房,儿科,2,1,2,#,#,#,0,2,159
VITAL_SIGNS:0.000000;0.000000;0.000000;0.000000;0.000000;0.000000;0.000000;0.000000;0.000000;0.000000;0.000000;0.000000;0.000000;0.000000;0.000000
E-02-I-001-01,3,ICU病房,儿科,2,1,1,#,#,#,0,4,73
VITAL_SIGNS:0.000000;0.000000;0.000000;0.000000;0.000000;0.000000;0.000000;0.000000;0.000000;0.000000;0.000000;0.000000;0.000000;0.000000;0.000000
E-01-G-005-04,3,隔离病房,儿科,1,5,4,#,#,#,0,4,25
VITAL_SIGNS:0.000000;0.000000;0.000000;0.000000;0.000000;0.000000;0.000000;0.000000;0.000000;0.000000;0.000000;0.000000;0.000000;0.000000;0.000000
E-01-G-005-03,3,隔离病房,儿科,1,5,3,#,#,#,0,7,35
VITAL_SIGNS:0.000000;0.000000;0.000000;0.000000;0.000000;0.000000;0.000000;0.000000;0.000000;0.000000;0.000000;0.000000;0.000000;0.000000;0.000000
E-01-G-005-02,3,隔离病房,儿科,1,5,2,#,#,#,0,10,86
VITAL_SIGNS:0.000000;0.000000;0.000000;0.000000;0.000000;0.000000;0.000000;0.000000;0.000000;0.000000;0.000000;0.000000;0.000000;0.000000;0.000000
E-01-G-005-01,3,隔离病房,儿科,1,5,1,#,#,#,0,22,51
VITAL_SIGNS:0.000000;0.000000;0.000000;0.000000;0.000000;0.000000;0.000000;0.000000;0.000000;0.000000;0.000000;0.000000;0.000000;0.000000;0.000000
E-01-G-004-04,3,隔离病房,儿科,1,4,4,#,#,#,0,37,173
VITAL_SIGNS:0.000000;0.000000;0.000000;0.000000;0.000000;0.000000;0.000000;0.000000;0.000000;0.000000;0.000000;0.000000;0.000000;0.000000;0.000000
E-01-G-004-03,3,隔离病房,儿科,1,4,3,#,#,#,0,48,38
VITAL_SIGNS:0.000000;0.000000;0.000000;0.000000;0.000000;0.000000;0.000000;0.000000;0.000000;0.000000;0.000000;0.000000;0.000000;0.000000;0.000000
E-01-G-004-02,3,隔离病房,儿科,1,4,2,#,#,#,0,9,162
VITAL_SIGNS:0.000000;0.000000;0.000000;0.000000;0.000000;0.000000;0.000000;0.000000;0.000000;0.000000;0.000000;0.000000;0.000000;0.000000;0.000000
E-01-G-004-01,3,隔离病房,儿科,1,4,1,#,#,#,0,14,197
VITAL_SIGNS:0.000000;0.000000;0.000000;0.000000;0.000000;0.000000;0.000000;0.000000;0.000000;0.000000;0.000000;0.000000;0.000000;0.000000;0.000000
E-01-G-003-04,3,隔离病房,儿科,1,3,4,#,#,#,0,5,149
VITAL_SIGNS:0.000000;0.000000;0.000000;0.000000;0.000000;0.000000;0.000000;0.000000;0.000000;0.000000;0.000000;0.000000;0.000000;0.000000;0.000000
E-01-G-003-03,0,隔离病房,儿科,1,3,3,#,400023,200009,0,43,40
VITAL_SIGNS:0.000000;0.000000;0.000000;0.000000;0.000000;0.000000;0.000000;0.000000;0.000000;0.000000;0.000000;0.000000;0.000000;0.000000;0.000000
count:60
